    6
NC_019843. 0.000000 1.503716 1.517145 1.417041 1.456515 1.464079
NC_048212. 1.503716 0.000000 1.235975 1.262552 1.326960 1.272894
NC_004718. 1.517145 1.235975 0.000000 0.340857 0.340344 0.336703
MT799526.1 1.417041 1.262552 0.340857 0.000000 0.182411 0.175982
MN996532.1 1.456515 1.326960 0.340344 0.182411 0.000000 0.063418
NC_045512. 1.464079 1.272894 0.336703 0.175982 0.063418 0.000000
