    6
NC_019843. 0.000000 1.493565 1.381526 1.393070 1.371912 1.369159
NC_048212. 1.493565 0.000000 1.270578 1.313813 1.300628 1.268629
NC_004718. 1.381526 1.270578 0.000000 0.357691 0.354678 0.353949
MT799526.1 1.393070 1.313813 0.357691 0.000000 0.194941 0.184380
MN996532.1 1.371912 1.300628 0.354678 0.194941 0.000000 0.072757
NC_045512. 1.369159 1.268629 0.353949 0.184380 0.072757 0.000000
