(((2018113012:0.00010,QHR63299.1:0.01275):0.00882,
QIG55944.1:0.01333):0.13387,(ARI44803.1:0.00246,
ATO98118.1:0.00320):0.00152,AIA62329.1:0.00373);
