(NC_048212.:0.60549,(((NC_045512.:0.02757,MN996532.1:0.03568):0.06732,
MT799526.1:0.08702):0.10455,NC_004718.:0.16035):0.41641,
NC_019843.:0.76987);
