(ARI44803.1:0.00246,((QIG55944.1:0.01438,(QHR63299.1:0.00852,
QNE12858.1:0.00716):0.01344):0.13410,ATO98118.1:0.00186):0.00136,
AIA62329.1:0.00522);
